[gd_scene load_steps=8 format=3 uid="uid://bmlu4mlli1jg4"]

[ext_resource type="PackedScene" uid="uid://bapy2qsdvny7b" path="res://assets/planet_beacon.dae" id="1_cxhow"]
[ext_resource type="Script" path="res://scripts/planet_beacon_eighth.gd" id="2_xcqgs"]
[ext_resource type="Shader" uid="uid://du7v3aepmqb1n" path="res://shaders/planet_beacon_solid.tres" id="4_giy03"]
[ext_resource type="Script" path="res://assets/AnimationPlayer.gd" id="5_tty06"]

[sub_resource type="StandardMaterial3D" id="StandardMaterial3D_pt0xi"]
albedo_color = Color(0.321569, 1, 0.964706, 1)
emission_enabled = true
emission = Color(0.321569, 1, 0.964706, 1)
emission_energy_multiplier = 200.0

[sub_resource type="StandardMaterial3D" id="StandardMaterial3D_ijln6"]
albedo_color = Color(0.784314, 0.784314, 0.784314, 1)
metallic = 0.65
metallic_specular = 0.4
roughness = 0.3

[sub_resource type="ShaderMaterial" id="ShaderMaterial_hgim8"]
render_priority = 0
shader = ExtResource("4_giy03")
shader_parameter/color = Color(1, 0.258824, 1, 1)

[node name="planet_beacon" instance=ExtResource("1_cxhow")]
script = ExtResource("2_xcqgs")

[node name="Torus" parent="." index="0"]
surface_material_override/0 = SubResource("StandardMaterial3D_pt0xi")

[node name="Cube001" parent="Torus" index="0"]
transform = Transform3D(0.769938, 0.510636, -0.382683, -0.552709, 0.833375, -2.23517e-08, 0.318919, 0.211512, 0.92388, 0.157124, 0.423378, 0.0650829)
surface_material_override/0 = SubResource("StandardMaterial3D_ijln6")

[node name="Cube" parent="Torus/Cube001" index="0"]
transform = Transform3D(0.691734, 0.722153, 0, -0.722153, 0.691734, 0, 0, 0, 1, 0.612021, -8.9407e-08, 8.73115e-10)
surface_material_override/0 = SubResource("StandardMaterial3D_ijln6")

[node name="Sphere" parent="Torus/Cube001/Cube" index="0"]
transform = Transform3D(0.125382, -0.984158, -0.12535, 0.695898, 0.177294, -0.695912, 0.707111, 2.39462e-05, 0.707103, -0.619462, 0, -3.07788e-08)
surface_material_override/0 = SubResource("ShaderMaterial_hgim8")

[node name="AnimationPlayer" parent="." index="1"]
script = ExtResource("5_tty06")
